resources/mdt.asc
ncols        576
nrows        273
xllcorner    330726.000000000000
yllcorner    4813891.000000000931
dx           6.836805555556
dy           6.835164835163
[rows 68 to 101 of 273, columns 152 to 227 of 576]
72.570 69.305 64.472 63.483 58.832 56.829 53.504 44.149 38.782 32.129 18.105 13.875 4.990 3.930 2.979 1.469 1.350 0.567 0.000 0.000 0.000 0.000 0.000 0.000 0.000 0.000 0.054 0.000 0.000 0.000 0.000 0.000 0.000 0.000 0.000 0.000 0.000 0.000 0.000 0.000 0.000 0.000 0.000 0.000 0.000 0.000 0.000 0.000 0.000 0.000 0.000 0.000 0.000 0.000 0.000 0.000 0.000 0.000 0.000 0.000 0.000 0.000 0.000 0.000 0.000 0.000 0.000 0.000 0.000 0.000 0.000 0.000 0.000 0.000 0.000 0.000
77.052 76.322 71.290 68.465 61.887 60.100 56.851 44.675 38.871 32.282 21.885 19.390 8.808 4.487 3.805 2.157 1.550 1.084 0.000 0.000 0.000 0.000 0.000 0.000 0.000 0.000 0.058 0.518 0.000 0.000 0.000 0.000 0.000 0.000 0.000 0.000 0.000 0.000 0.000 0.000 0.000 0.000 0.000 0.000 0.000 0.000 0.000 0.000 0.000 0.000 0.000 0.000 0.000 0.000 0.000 0.000 0.000 0.000 0.000 0.000 0.000 0.000 0.000 0.000 0.000 0.000 0.000 0.000 0.000 0.000 0.000 0.000 0.000 0.000 0.000 0.000
83.841 82.621 79.652 77.425 69.153 63.791 57.122 46.435 41.205 38.560 32.051 30.209 20.087 15.381 8.013 3.465 2.693 1.995 0.615 0.074 0.000 0.000 0.000 0.000 0.000 0.000 0.000 0.000 0.000 0.000 0.000 0.000 0.000 0.000 0.000 0.000 0.000 0.000 0.000 0.000 0.000 0.000 0.000 0.000 0.000 0.000 0.000 0.000 0.000 0.000 0.000 0.000 0.000 0.000 0.000 0.000 0.000 0.000 0.000 0.000 0.000 0.000 0.000 0.000 0.000 0.000 0.000 0.000 0.000 0.000 0.000 0.000 0.000 0.000 0.000 0.000
86.848 85.857 82.880 79.982 70.304 62.909 57.976 48.655 45.327 43.947 38.248 35.453 23.737 17.082 11.232 4.490 3.497 2.707 1.360 0.818 0.000 0.000 0.000 0.000 0.000 0.000 0.000 0.000 0.000 0.437 0.000 0.000 0.000 0.000 0.000 0.000 0.000 0.000 0.000 0.000 0.000 0.000 0.000 0.000 0.000 0.000 0.000 0.000 0.000 0.000 0.000 0.000 0.000 0.000 0.000 0.000 0.000 0.000 0.000 0.000 0.000 0.000 0.000 0.000 0.000 0.000 0.000 0.000 0.000 0.000 0.000 0.000 0.000 0.000 0.000 0.000
90.176 88.983 86.611 84.396 76.150 70.089 64.079 56.742 54.170 51.999 48.441 40.350 24.417 19.576 15.307 7.893 4.997 4.006 2.324 1.996 1.673 0.502 0.000 0.000 0.000 0.000 0.000 0.000 0.000 0.000 0.000 0.000 0.000 0.000 0.000 0.000 0.000 0.000 0.000 0.000 0.000 0.000 0.000 0.000 0.000 0.000 0.000 0.000 0.000 0.000 0.000 0.000 0.000 0.000 0.000 0.000 0.000 0.000 0.000 0.000 0.000 0.000 0.000 0.000 0.000 0.000 0.000 0.000 0.000 0.000 0.000 0.000 0.000 0.000 0.000 0.000
88.817 88.371 86.869 85.909 76.937 71.729 67.298 60.841 59.793 57.007 47.973 38.651 24.030 20.319 17.415 12.060 6.848 4.933 3.214 2.348 1.979 0.726 0.421 0.000 0.000 0.000 0.000 0.000 0.000 0.000 0.000 0.000 0.000 0.000 0.000 0.000 0.000 0.000 0.000 0.000 0.000 0.000 0.000 0.000 0.000 0.000 0.000 0.000 0.000 0.000 0.000 0.000 0.000 0.000 0.000 0.000 0.000 0.000 0.000 0.000 0.000 0.000 0.000 0.000 0.000 0.000 0.000 0.000 0.000 0.000 0.000 0.000 0.000 0.000 0.000 0.000
87.999 87.808 86.214 86.100 77.930 74.390 71.536 65.144 62.807 58.139 47.072 38.628 25.076 21.565 19.208 16.301 13.254 8.700 3.913 3.124 2.589 1.157 0.806 0.000 0.000 0.000 0.000 0.000 0.000 0.000 0.000 0.000 0.000 0.000 0.000 0.000 0.000 0.000 0.000 0.000 0.000 0.000 0.000 0.000 0.000 0.000 0.000 0.000 0.000 0.000 0.000 0.000 0.000 0.000 0.000 0.000 0.000 0.000 0.000 0.000 0.000 0.000 0.000 0.000 0.000 0.000 0.000 0.000 0.000 0.000 0.000 0.000 0.000 0.000 0.000 0.000
86.277 86.100 84.280 85.125 83.711 80.755 77.474 66.730 60.094 53.341 42.172 38.072 31.868 30.084 28.276 24.358 22.716 18.910 7.638 4.436 3.876 2.265 1.652 0.486 0.000 0.000 0.000 0.000 0.000 0.000 0.000 0.000 0.000 0.000 0.000 0.000 0.000 0.000 0.000 0.000 0.000 0.000 0.000 0.000 0.000 0.000 0.000 0.000 0.000 0.000 0.000 0.000 0.000 0.000 0.000 0.000 0.000 0.000 0.000 0.000 0.000 0.000 0.000 0.000 0.000 0.000 0.000 0.000 0.000 0.000 0.000 0.000 0.000 0.000 0.000 0.000
85.518 84.997 83.615 83.647 83.975 81.926 77.770 67.331 59.067 53.998 43.477 38.652 35.349 33.609 31.330 28.147 26.556 24.348 11.432 5.563 4.642 3.296 2.333 1.073 0.640 0.000 0.000 0.000 0.000 0.000 0.000 0.000 0.000 0.000 0.000 0.000 0.000 0.000 0.000 0.000 0.000 0.000 0.000 0.000 0.000 0.000 0.000 0.000 0.000 0.000 0.000 0.000 0.000 0.000 0.000 0.000 0.000 0.000 0.000 0.000 0.000 0.000 0.000 0.000 0.000 0.000 0.000 0.000 0.000 0.000 0.000 0.000 0.000 0.000 0.000 0.000
84.041 84.643 85.154 84.914 84.717 82.638 77.822 64.655 58.948 53.644 44.697 42.955 38.966 35.862 33.701 30.013 27.965 26.793 17.830 10.986 8.600 3.972 3.322 1.959 1.686 0.895 0.000 0.000 0.000 0.000 0.000 0.000 0.000 0.000 0.000 0.000 0.000 0.000 0.000 0.000 0.000 0.000 0.000 0.000 0.000 0.000 0.000 0.000 0.000 0.000 0.000 0.000 0.000 0.000 0.000 0.000 0.000 0.000 0.000 0.000 0.000 0.000 0.000 0.000 0.000 0.000 0.000 0.000 0.000 0.000 0.000 0.000 0.000 0.000 0.000 0.000
84.821 84.769 85.293 85.108 82.091 79.868 76.472 63.521 59.574 57.722 53.264 50.899 44.747 42.155 39.660 35.815 32.505 28.205 19.512 17.823 16.368 10.056 4.771 3.234 2.512 1.921 1.004 0.591 0.000 0.000 0.000 0.000 0.000 0.000 0.000 0.000 0.000 0.000 0.000 0.000 0.000 0.000 0.000 0.000 0.000 0.000 0.000 0.000 0.000 0.000 0.000 0.000 0.000 0.000 0.000 0.000 0.834 0.005 0.048 0.075 0.000 0.000 0.000 0.000 0.000 0.000 0.000 0.000 0.000 0.000 0.000 0.000 0.000 0.000 0.000 0.000
84.874 83.877 84.905 84.824 82.097 79.270 75.689 65.895 64.520 62.080 57.728 55.468 48.005 47.070 43.355 36.434 31.843 27.424 19.375 18.456 18.089 13.431 8.510 4.729 3.802 2.883 1.677 1.229 0.761 0.000 0.000 0.000 0.000 0.000 0.000 0.000 0.000 0.000 0.000 0.000 0.000 0.000 0.000 0.000 0.000 0.000 0.000 0.000 0.000 0.000 0.000 0.000 0.000 0.000 0.127 1.142 0.634 0.713 0.073 0.000 0.000 0.000 0.000 0.000 0.000 0.000 0.000 0.000 0.000 0.000 0.000 0.000 0.000 0.000 0.000 0.000
84.843 84.949 84.911 84.633 82.795 79.671 76.135 70.655 68.674 66.688 64.072 59.353 53.066 53.018 48.535 37.847 32.094 27.552 20.361 19.734 20.380 17.877 14.885 7.834 5.703 4.537 2.486 1.821 1.423 0.802 0.437 0.000 0.000 0.000 0.000 0.000 0.000 0.000 0.000 0.000 0.000 0.000 0.000 0.000 0.000 0.000 0.000 0.000 0.064 0.645 0.000 0.164 1.534 0.535 0.091 0.904 0.117 0.590 0.008 0.000 0.000 0.000 0.000 0.000 0.000 0.000 0.000 0.000 0.000 0.000 0.000 0.000 0.000 0.000 0.000 0.000
83.837 84.798 84.721 84.577 84.700 83.461 82.329 78.957 76.917 75.291 73.922 71.064 62.163 56.186 53.381 46.451 41.744 36.578 28.640 26.269 25.965 25.057 23.176 15.970 13.143 10.604 5.339 4.130 3.262 2.178 1.787 1.002 0.698 0.454 0.000 0.000 0.000 0.000 0.000 0.000 0.000 0.000 0.000 0.000 0.000 0.000 0.000 0.000 0.000 0.000 0.065 0.590 0.070 0.575 0.000 0.000 0.000 0.000 0.000 0.000 0.000 0.000 0.000 0.000 0.000 0.000 0.000 0.000 0.000 0.000 0.000 0.000 0.000 0.000 0.000 0.000
83.837 83.852 84.180 84.530 84.821 84.158 84.134 81.370 79.993 78.774 76.797 74.233 66.828 61.444 58.631 50.772 45.661 39.853 32.837 30.262 29.639 29.851 26.518 20.902 19.090 15.600 9.608 5.829 4.615 3.092 2.664 1.878 1.418 1.206 0.817 0.629 0.486 0.000 0.000 0.000 0.000 0.000 0.000 0.000 0.000 0.000 0.000 0.000 0.000 0.000 0.007 0.111 0.413 0.054 0.000 0.000 0.000 0.000 0.000 0.000 0.000 0.000 0.000 0.000 0.000 0.000 0.000 0.000 0.000 0.000 0.000 0.000 0.000 0.000 0.000 0.000
84.094 83.300 84.990 84.660 85.023 84.914 84.939 84.290 84.370 84.374 80.206 75.913 71.851 69.063 64.559 58.980 55.946 49.568 42.672 39.116 38.036 36.783 33.610 27.796 25.944 22.459 17.012 13.034 11.365 9.893 6.359 4.614 4.366 3.928 2.842 2.473 2.147 1.666 1.623 1.459 1.007 1.515 1.592 2.603 2.459 1.849 0.832 0.632 0.000 0.000 0.054 0.066 0.112 0.050 0.446 0.000 0.000 0.000 0.000 0.000 0.000 0.000 0.000 0.000 0.000 0.000 0.000 0.000 0.000 0.000 0.000 0.000 0.000 0.000 0.000 0.000
84.639 84.285 84.556 84.612 85.157 84.796 85.144 84.928 84.805 84.515 80.385 75.415 74.640 72.598 68.894 62.685 58.720 55.966 47.732 44.042 41.472 41.042 38.167 31.669 28.729 26.316 20.903 17.785 16.404 17.227 14.066 9.993 8.624 8.064 4.515 4.088 3.650 3.083 2.842 2.712 2.104 3.231 5.372 5.503 5.690 4.489 3.291 2.359 0.077 0.750 0.000 0.055 0.559 0.006 0.050 0.000 0.000 0.000 0.000 0.000 0.000 0.000 0.000 0.000 0.000 0.000 0.000 0.000 0.000 0.000 0.000 0.000 0.000 0.000 0.000 0.000
84.848 84.887 85.321 85.163 85.033 84.883 84.978 85.022 84.794 83.944 80.158 77.320 77.042 75.473 72.884 66.261 62.164 58.430 51.528 49.676 48.712 43.387 40.842 34.626 35.182 33.172 25.517 24.745 24.366 23.883 23.221 22.140 20.001 19.814 11.137 9.464 9.001 5.623 5.288 5.322 4.416 5.241 7.432 8.660 8.400 7.224 5.866 4.141 1.455 1.020 0.820 0.643 1.200 1.262 1.004 0.000 0.000 0.000 0.000 0.000 0.000 0.000 0.000 0.000 0.000 0.000 0.000 0.000 0.000 0.000 0.000 0.000 0.000 0.000 0.000 0.000
84.481 84.552 84.642 85.132 85.473 85.356 85.356 85.231 85.490 85.263 83.021 82.576 81.786 81.188 79.348 74.171 70.938 67.412 63.229 63.925 63.384 52.870 49.609 48.997 48.496 47.650 46.891 46.483 45.738 46.361 46.962 44.257 43.612 42.749 33.025 32.389 31.637 27.775 22.069 16.781 11.580 12.417 18.131 19.851 18.868 14.025 11.805 12.909 7.599 5.953 6.180 8.253 7.148 2.667 1.601 1.334 1.623 0.680 0.000 0.000 0.000 0.000 0.000 0.000 0.000 0.000 0.000 0.000 0.000 0.000 0.000 0.000 0.000 0.000 0.000 0.000
84.925 84.735 84.692 85.036 85.927 85.972 85.944 85.326 85.700 85.094 84.890 84.525 83.993 83.118 80.952 74.806 71.467 72.200 69.723 70.556 67.846 63.012 60.352 60.628 59.450 58.565 57.905 58.450 58.509 56.446 56.781 55.460 54.692 53.543 45.088 43.281 39.876 29.025 24.298 20.330 18.292 21.007 24.819 23.929 24.953 20.144 19.929 22.489 23.183 19.383 15.525 17.011 13.474 5.414 3.297 3.572 3.587 2.414 0.996 0.000 0.000 0.000 0.000 0.000 0.000 0.000 0.000 0.000 0.000 0.000 0.000 0.000 0.000 0.000 0.000 0.000
86.552 85.920 86.267 85.942 86.116 86.667 86.354 86.038 85.884 85.820 84.987 84.512 83.889 83.980 81.998 75.870 75.474 75.600 76.182 73.634 70.575 70.448 70.509 70.844 70.668 70.086 67.740 66.538 65.372 63.918 62.288 63.592 62.621 59.796 50.178 46.277 41.761 29.748 26.600 24.969 23.700 27.333 29.547 28.952 29.293 26.591 26.492 28.284 32.034 30.445 25.432 22.873 17.904 8.767 5.737 4.299 5.257 4.177 2.457 0.000 0.000 0.000 0.000 0.000 0.000 0.000 0.000 0.000 0.000 0.000 0.000 0.000 0.000 0.000 0.000 0.000
86.942 86.373 86.988 86.952 87.514 88.167 87.315 86.754 85.980 86.010 86.059 85.700 84.655 84.121 84.285 83.154 82.867 83.168 81.183 78.485 77.497 78.559 80.459 79.295 80.283 79.057 77.282 76.306 75.791 74.884 75.631 69.214 64.706 59.980 53.016 48.438 45.609 38.532 36.663 33.875 34.304 36.692 36.745 37.055 36.518 35.963 34.640 35.258 39.100 38.973 30.094 24.988 20.324 12.866 9.795 7.271 5.891 2.213 0.930 0.000 0.000 0.000 0.000 0.000 0.000 0.000 0.000 0.000 0.000 0.000 0.000 0.000 0.000 0.000 0.000 0.000
88.179 88.394 87.056 87.387 89.025 88.959 88.805 87.551 86.718 86.412 85.648 85.450 84.646 84.546 84.560 84.706 84.400 83.861 83.321 82.515 81.852 81.169 80.912 80.103 80.421 79.492 78.607 77.499 77.157 77.333 76.414 68.958 65.159 60.298 52.347 50.740 48.233 41.567 38.783 36.470 36.506 37.801 41.049 39.715 39.617 38.652 38.183 37.992 39.854 38.681 30.235 25.743 21.650 14.146 10.801 7.817 4.147 0.900 0.064 0.000 0.000 0.000 0.000 0.000 0.000 0.000 0.000 0.000 0.000 0.000 0.000 0.000 0.000 0.000 0.000 0.000
89.660 88.301 90.659 90.028 89.187 89.218 88.544 88.805 88.482 87.528 86.171 85.972 84.990 84.912 84.794 83.593 83.602 84.228 83.626 83.170 82.860 82.050 81.255 80.117 80.554 80.518 79.681 79.136 78.702 77.613 76.695 70.987 68.900 66.275 59.526 56.639 55.331 48.039 44.958 44.294 47.122 46.061 47.780 50.342 51.214 50.363 49.096 48.814 41.607 38.616 32.751 29.465 26.274 16.702 11.612 6.522 1.342 0.518 0.000 0.000 0.000 0.000 0.000 0.000 0.000 0.000 0.000 0.000 0.000 0.000 0.000 0.000 0.000 0.000 0.000 0.000
89.289 89.469 90.771 90.725 90.611 89.942 88.489 88.448 88.186 88.189 86.778 86.737 85.803 85.041 84.690 84.037 83.648 84.269 83.369 83.586 83.161 81.754 81.346 80.781 80.287 79.517 80.204 79.691 78.869 78.472 78.029 74.095 71.340 68.683 63.618 61.089 57.741 51.368 48.066 47.811 53.085 53.031 52.187 52.772 54.471 54.037 52.971 51.728 42.995 39.785 34.946 31.901 27.431 17.330 10.094 5.734 0.114 0.058 0.000 0.000 0.000 0.000 0.000 0.000 0.000 0.000 0.000 0.000 0.000 0.000 0.000 0.000 0.000 0.000 0.000 0.000
89.656 90.690 90.471 91.790 90.789 90.042 89.557 88.796 89.096 89.070 87.783 87.311 86.211 85.500 85.119 85.074 84.272 83.954 83.873 83.889 83.577 82.326 81.810 80.982 80.828 80.227 80.540 79.918 79.295 78.369 78.583 75.915 74.260 72.103 66.518 63.957 60.376 53.870 52.133 51.264 55.075 57.787 57.500 56.318 57.235 56.305 55.535 53.364 43.822 40.611 36.182 33.288 29.585 17.936 8.568 4.757 0.809 0.502 0.000 0.000 0.000 0.000 0.000 0.000 0.000 0.000 0.000 0.000 0.000 0.000 0.000 0.000 0.000 0.000 0.000 0.000
90.782 90.718 90.674 89.946 90.250 89.338 89.835 89.370 88.315 89.009 88.638 87.953 87.542 87.257 87.057 85.930 85.340 85.153 84.855 84.909 85.321 84.189 83.700 83.398 82.038 82.619 81.372 81.598 80.977 79.609 79.803 77.940 77.809 75.814 71.484 68.832 65.023 62.420 65.050 65.329 63.541 64.202 65.421 63.596 62.230 58.463 55.978 52.746 42.127 40.702 33.699 28.419 23.420 8.520 6.049 2.631 0.047 0.000 0.000 0.000 0.000 0.000 0.000 0.000 0.000 0.000 0.000 0.000 0.000 0.000 0.000 0.000 0.000 0.000 0.000 0.000
90.983 90.982 91.210 90.486 90.036 89.046 89.979 89.393 88.836 87.896 89.285 88.566 88.054 86.676 87.627 85.781 85.545 85.381 85.455 84.857 85.357 84.145 83.275 83.968 82.476 82.939 81.898 81.602 81.542 80.870 80.055 78.590 78.231 77.763 73.879 70.468 66.892 66.372 69.223 70.940 68.815 68.909 67.237 65.628 62.411 56.577 53.239 48.979 42.530 37.819 29.447 23.076 14.370 6.265 4.740 1.783 0.502 0.000 0.000 0.000 0.000 0.000 0.000 0.000 0.000 0.000 0.000 0.000 0.000 0.000 0.000 0.000 0.000 0.000 0.000 0.000
89.938 90.636 90.793 89.828 88.954 89.445 88.577 88.290 88.548 88.328 88.970 89.093 87.178 86.657 86.577 85.736 85.937 85.472 85.447 84.876 84.789 83.707 83.394 82.873 82.708 82.811 82.037 81.818 81.108 80.923 80.183 78.350 78.683 78.561 76.116 72.979 69.923 68.872 71.723 72.667 71.285 70.711 68.801 65.590 61.164 54.861 51.491 47.899 39.978 34.616 26.629 20.618 13.776 5.806 4.456 0.852 0.056 0.000 0.000 0.000 0.000 0.000 0.000 0.000 0.000 0.000 0.000 0.000 0.000 0.000 0.000 0.000 0.000 0.000 0.000 0.000
88.417 88.502 88.528 88.633 88.966 88.735 88.880 88.026 88.004 87.661 87.990 87.516 85.685 86.196 85.659 85.351 85.204 84.203 84.096 83.412 83.158 83.662 83.083 81.776 81.577 81.692 81.504 80.950 80.433 79.355 79.857 78.786 77.910 77.924 76.075 73.786 72.185 72.890 72.988 72.427 71.411 70.838 68.744 65.043 62.652 58.392 55.290 52.186 44.438 37.735 28.381 22.016 12.713 4.552 1.151 0.756 0.000 0.000 0.000 0.000 0.000 0.000 0.000 0.000 0.000 0.000 0.000 0.000 0.000 0.000 0.000 0.000 0.000 0.000 0.000 0.000
87.612 87.955 88.539 87.950 87.999 88.010 87.306 87.174 87.593 87.007 87.599 87.173 85.979 84.823 85.312 85.094 84.637 84.190 84.085 83.058 82.782 82.842 82.595 81.332 81.076 81.048 81.122 81.134 80.123 78.826 78.681 79.007 78.838 78.090 76.368 74.284 73.418 73.021 72.710 71.371 71.471 70.618 68.482 66.421 65.177 60.496 57.509 54.104 45.117 38.995 25.171 17.331 8.451 3.624 0.908 0.837 0.000 0.000 0.000 0.000 0.000 0.000 0.000 0.000 0.000 0.000 0.000 0.000 0.000 0.000 0.000 0.000 0.000 0.000 0.000 0.000
87.511 87.386 86.509 87.233 86.832 86.948 86.776 87.482 87.259 87.187 86.112 85.941 85.908 85.450 84.958 84.652 84.286 83.840 83.684 83.489 82.829 82.734 83.028 81.222 80.713 81.096 80.217 80.059 79.325 78.393 78.120 78.455 77.664 77.682 76.252 75.181 74.160 73.258 72.478 71.683 71.005 70.286 68.878 67.378 66.037 62.760 59.413 55.330 44.535 37.512 22.435 14.731 6.776 1.979 0.510 0.085 0.000 0.000 0.000 0.000 0.000 0.000 0.000 0.000 0.000 0.000 0.000 0.000 0.000 0.000 0.000 0.000 0.000 0.000 0.000 0.000
85.718 86.991 85.575 86.001 85.366 85.638 85.510 85.419 85.548 85.365 84.252 83.965 83.607 83.753 83.530 82.401 81.990 80.982 81.531 81.302 81.183 80.185 79.969 79.446 79.094 79.257 78.578 78.506 78.670 76.331 76.174 76.601 75.738 75.290 74.374 73.526 72.715 71.841 71.554 69.850 68.040 68.714 67.933 67.072 65.797 64.027 61.498 56.359 45.083 38.903 17.276 8.637 5.155 1.285 0.518 0.000 0.000 0.000 0.000 0.000 0.000 0.000 0.000 0.000 0.000 0.000 0.000 0.000 0.000 0.000 0.000 0.000 0.000 0.000 0.000 0.000
84.832 85.468 83.416 85.583 84.569 84.704 84.041 84.202 84.010 83.634 83.186 82.609 82.301 82.112 82.731 82.263 82.234 81.622 79.418 79.874 79.720 79.102 78.826 78.345 78.333 78.458 77.738 76.812 76.667 76.528 75.600 75.004 74.631 74.188 72.899 72.250 71.140 71.139 71.019 69.897 68.061 68.095 67.311 66.627 64.437 61.120 58.273 53.978 43.952 32.998 14.904 7.312 4.782 1.408 0.665 0.000 0.000 0.000 0.000 0.000 0.000 0.000 0.000 0.000 0.000 0.000 0.000 0.000 0.000 0.000 0.000 0.000 0.000 0.000 0.000 0.000
