resources/mdt.asc
ncols        576
nrows        273
xllcorner    330726.000000000000
yllcorner    4813891.000000000931
dx           6.836805555556
dy           6.835164835163
[rows 238 to 271 of 273, columns 152 to 227 of 576]
63.269 63.188 65.429 67.174 70.617 71.499 73.541 74.409 74.059 74.575 73.808 74.257 75.621 76.022 76.294 76.548 76.700 77.094 78.479 79.243 79.978 79.381 78.980 78.550 78.640 79.094 79.083 79.311 79.197 78.933 79.021 79.252 78.881 77.549 75.511 74.632 74.121 73.749 74.364 75.618 77.406 77.701 79.546 80.139 79.979 80.751 80.713 81.137 81.360 80.808 81.689 81.616 81.096 80.287 79.364 78.691 78.549 79.481 79.537 77.604 75.893 74.723 73.331 71.461 70.937 70.114 68.807 67.212 64.326 62.770 61.499 61.175 60.857 60.659 60.770 63.629
66.061 66.176 67.133 68.343 70.875 71.964 72.933 75.484 75.560 74.518 74.127 74.263 75.302 74.314 75.214 75.318 73.814 74.190 76.650 77.056 77.644 77.236 77.047 76.865 76.713 76.991 76.759 76.819 76.866 77.779 78.428 78.403 78.483 78.760 76.377 76.475 75.782 76.092 76.386 76.541 77.490 77.931 78.453 78.580 78.962 79.929 79.121 80.064 80.380 80.677 80.698 80.620 79.984 78.894 77.081 76.236 77.618 77.677 76.390 75.492 74.244 69.253 66.304 67.404 68.228 68.688 69.039 68.636 65.912 63.042 61.542 61.332 61.913 62.060 62.400 64.516
66.240 66.849 67.912 68.944 70.786 71.502 72.868 74.635 75.331 74.156 74.127 73.877 73.801 73.331 74.078 73.970 72.761 73.480 75.658 75.967 75.782 75.561 75.244 76.072 75.037 75.378 75.602 75.564 76.201 77.003 77.375 77.380 77.272 77.212 76.725 76.437 76.095 76.216 76.123 76.132 77.179 77.187 78.053 78.383 78.863 79.231 79.093 80.013 79.904 80.104 80.152 80.357 79.030 76.580 75.726 74.176 75.524 76.586 75.667 75.218 72.734 66.260 65.290 65.702 67.627 68.844 69.487 69.138 67.317 65.139 63.351 62.452 63.988 64.204 64.051 65.177
66.561 67.109 69.177 69.608 70.934 71.869 72.467 73.704 73.594 73.839 73.254 73.043 71.846 72.077 71.905 72.413 72.327 73.113 73.900 73.953 74.447 74.030 73.441 74.472 73.833 73.973 74.531 74.436 74.870 76.335 76.998 75.840 76.100 76.326 76.419 76.000 76.042 75.673 75.610 75.780 76.589 76.738 77.096 77.763 78.157 78.495 78.717 78.640 79.124 79.436 79.395 79.012 78.191 76.081 75.078 72.763 75.867 75.678 75.760 74.804 73.210 66.114 65.113 65.560 68.031 69.101 70.274 70.183 68.781 66.380 65.468 64.455 65.686 65.760 66.181 65.641
66.457 68.563 69.676 70.424 71.139 70.846 70.795 70.959 70.594 70.829 68.588 67.074 66.540 66.419 66.483 66.791 66.895 67.883 69.426 68.942 68.533 68.596 69.426 69.291 69.537 69.816 71.728 71.945 72.209 72.998 73.075 73.428 73.794 74.291 74.307 74.500 74.512 74.371 74.572 74.095 75.105 75.392 75.657 75.567 75.853 76.910 77.064 77.594 77.153 77.203 78.142 78.355 78.109 74.798 74.213 73.765 73.842 75.478 75.871 75.040 74.376 71.436 70.599 71.958 70.572 70.020 71.731 72.038 71.246 69.579 68.502 67.507 66.095 67.066 67.176 66.680
66.739 68.439 69.586 70.161 69.849 69.951 69.351 68.807 68.325 67.565 66.095 65.548 64.990 64.891 64.863 64.970 65.083 65.337 65.942 65.989 66.373 66.664 67.123 67.766 67.995 68.272 69.183 69.964 70.390 71.187 71.467 72.160 72.314 72.575 72.649 72.754 72.689 73.183 73.206 73.128 74.235 73.787 74.570 74.276 74.621 75.902 76.298 76.580 76.542 76.524 77.276 78.164 77.851 75.587 75.633 76.170 75.199 75.603 75.978 76.363 74.527 73.014 72.574 72.562 71.360 70.742 72.006 71.992 71.171 71.119 70.811 68.512 68.114 68.539 68.608 68.992
63.952 64.566 65.542 66.383 65.860 65.871 66.155 65.454 65.147 64.344 63.025 62.535 62.049 61.886 61.907 61.882 61.515 61.793 62.709 62.970 63.301 64.042 64.696 65.093 65.481 65.759 66.307 66.500 66.668 67.507 68.239 69.008 69.693 70.440 70.542 69.722 70.450 70.276 71.580 70.995 70.983 70.686 71.562 71.724 72.610 73.918 74.355 74.415 75.159 75.482 76.630 77.436 77.683 75.810 76.505 76.283 75.863 76.180 76.044 74.872 74.893 73.933 73.486 73.069 72.051 71.318 71.124 71.731 71.859 71.619 71.115 70.641 69.726 70.780 70.727 69.427
62.587 62.500 62.774 64.029 63.782 63.567 64.013 62.620 62.166 62.092 59.946 59.721 59.662 59.906 59.892 60.307 59.585 60.144 61.086 61.139 61.274 62.240 62.977 63.925 64.322 64.596 65.193 65.408 65.519 66.375 68.285 68.696 68.471 69.165 68.875 68.326 68.443 68.855 69.644 69.175 69.097 68.304 69.523 70.187 70.911 71.909 72.628 73.116 74.296 74.770 76.122 76.293 76.158 75.234 75.949 75.393 75.192 75.271 74.908 74.138 74.886 74.947 73.590 73.504 72.518 71.652 71.027 71.497 71.904 71.518 71.531 70.928 69.942 70.723 70.631 70.211
61.127 60.847 60.351 60.271 60.427 61.111 61.099 59.583 59.096 59.002 58.336 58.814 58.249 58.030 58.730 57.502 56.917 58.513 60.250 59.862 59.677 61.213 61.818 62.433 63.169 63.604 63.801 63.888 63.969 65.488 67.891 68.299 68.262 67.634 66.709 66.492 66.320 66.947 68.008 66.603 66.608 67.362 69.311 69.668 70.097 70.737 71.534 72.214 73.248 74.007 74.492 75.000 75.426 75.278 75.210 75.358 74.399 74.209 73.897 73.275 73.481 73.654 73.228 72.990 72.119 71.942 71.120 70.560 70.468 70.710 70.910 70.973 70.583 70.331 70.178 69.895
60.630 60.202 58.920 58.883 59.087 59.132 58.196 57.412 56.786 56.472 56.265 56.786 55.839 55.082 55.226 53.334 53.641 56.489 57.550 57.540 58.306 58.920 59.057 59.987 60.838 61.929 62.661 62.849 63.084 63.327 63.621 64.150 64.499 64.331 63.913 63.441 62.790 61.077 60.726 61.712 63.629 64.078 66.355 66.948 68.749 69.867 69.955 71.074 71.896 72.758 74.045 73.992 73.607 74.003 73.348 73.343 72.420 72.352 72.219 71.852 71.711 71.426 71.222 71.439 70.763 70.641 70.383 69.407 69.139 68.883 69.159 69.270 69.521 70.077 70.256 70.094
59.568 58.837 57.713 56.843 57.807 57.701 57.607 56.794 55.954 55.488 54.701 54.248 53.888 53.806 53.283 51.385 52.579 55.162 55.705 56.912 57.461 55.958 57.348 58.846 59.554 60.918 62.130 62.558 62.920 63.435 63.502 63.850 64.132 64.233 63.442 62.786 61.937 60.141 59.297 58.764 60.730 61.265 65.355 66.283 67.356 69.516 69.540 70.929 71.660 71.771 73.161 72.948 72.815 72.692 72.060 71.708 71.247 71.315 71.063 70.724 70.517 70.192 69.992 70.013 69.444 69.536 69.794 68.812 67.969 67.515 68.099 68.747 69.152 69.500 69.749 70.081
58.771 57.437 56.240 55.743 55.799 55.404 56.201 56.123 54.662 54.332 52.767 51.768 50.955 49.831 49.669 49.271 50.276 51.353 53.654 54.807 54.678 53.814 55.128 57.704 58.449 59.653 61.544 61.927 62.507 63.410 63.547 63.968 64.002 63.998 62.964 62.034 60.949 59.219 58.291 57.500 56.914 57.315 63.213 65.301 65.748 68.240 68.914 69.814 71.202 71.402 72.297 72.327 71.915 71.315 71.167 70.535 70.012 69.996 69.977 69.935 69.805 69.250 68.958 68.740 68.067 67.969 67.793 67.012 66.422 66.093 66.460 67.100 68.632 69.005 69.418 69.772
55.983 55.123 54.336 53.783 52.642 52.177 52.309 53.480 53.454 52.786 52.811 51.151 48.885 47.669 46.576 46.673 47.125 48.040 49.089 49.851 50.660 52.612 53.723 56.019 57.166 58.538 60.811 62.250 62.114 62.504 62.339 62.602 62.453 62.250 61.547 60.790 59.412 57.277 56.534 56.037 55.983 56.429 62.010 63.939 64.706 67.904 67.843 68.603 70.784 71.183 70.916 71.480 70.504 67.761 66.934 67.012 67.273 67.171 67.274 68.009 67.864 67.520 67.593 66.954 67.100 67.237 66.778 65.737 64.921 64.460 65.056 65.698 68.338 68.386 68.800 70.049
54.412 53.752 52.362 51.446 52.065 51.544 51.200 52.971 53.588 52.751 51.118 50.299 48.686 47.913 47.546 48.019 49.317 48.928 50.631 51.403 51.685 53.554 53.638 55.676 57.315 58.398 60.612 62.282 62.161 62.691 61.929 61.931 61.747 61.286 60.654 60.299 59.356 56.538 56.070 55.748 56.116 57.140 62.597 63.548 64.839 67.293 67.540 68.701 70.337 70.776 70.342 70.056 68.916 65.338 64.572 64.511 65.097 65.010 65.733 66.331 66.619 66.281 66.060 65.525 66.157 66.579 66.748 65.729 64.732 64.298 64.687 65.897 68.040 68.124 68.707 68.646
54.336 52.865 51.662 50.543 50.271 50.518 50.491 52.841 52.747 53.264 52.040 50.815 48.377 47.849 47.733 48.654 48.441 48.479 50.337 51.650 51.631 54.859 54.873 56.577 57.699 58.379 60.533 62.042 61.922 61.959 61.636 60.334 60.074 60.532 60.085 59.791 58.520 56.226 55.994 55.811 57.026 59.897 62.444 63.534 64.638 67.077 67.706 68.127 69.368 69.622 69.486 69.427 68.439 63.524 61.823 61.259 63.852 63.524 63.696 64.756 65.126 64.867 64.933 64.697 65.530 65.800 65.654 65.793 65.654 65.474 65.900 66.306 67.226 67.740 68.671 68.360
56.182 55.075 51.917 51.011 50.164 51.006 51.245 52.713 52.924 53.165 52.813 51.538 48.362 48.205 48.458 50.140 49.440 50.191 52.694 53.626 54.303 55.485 56.230 57.896 58.254 58.773 59.285 59.938 60.108 60.555 60.486 59.616 59.016 58.086 57.694 57.339 57.588 58.503 58.100 58.180 59.225 60.503 62.123 63.626 64.319 65.790 66.024 66.846 67.606 68.326 68.639 68.137 67.042 63.097 59.317 59.017 59.818 60.373 61.283 61.081 61.101 60.694 60.987 61.110 63.472 64.219 64.584 65.752 65.738 66.100 66.315 67.254 67.745 67.579 67.125 67.330
57.213 56.070 55.001 54.202 53.188 53.240 52.625 53.611 53.764 53.594 52.424 51.878 50.051 50.371 48.921 50.599 50.797 51.473 53.748 54.710 55.268 55.746 56.246 57.784 58.249 58.769 59.603 60.025 60.182 59.981 60.033 58.633 57.777 57.138 56.443 56.585 57.514 58.021 58.545 58.999 59.822 60.631 62.089 62.927 64.344 64.577 65.277 65.610 66.728 67.579 67.047 66.820 66.332 63.229 60.582 58.676 58.355 59.473 60.696 61.209 60.326 58.831 58.783 59.212 62.056 62.919 63.401 64.817 65.521 66.277 66.329 67.560 66.566 66.031 66.035 66.769
58.585 58.744 57.293 57.381 55.912 55.833 56.029 55.302 55.441 55.451 55.265 54.541 54.002 53.676 53.315 53.562 53.552 55.571 55.237 55.965 55.777 56.925 56.295 57.535 57.914 58.041 59.481 59.238 59.752 59.815 58.769 56.242 54.925 54.437 54.798 55.797 56.326 57.690 58.529 59.143 59.907 60.174 60.932 61.271 60.272 58.568 59.424 58.804 57.985 61.698 62.803 64.496 64.959 64.705 64.357 63.316 62.685 62.258 62.237 61.274 59.968 56.259 56.620 56.940 60.363 62.054 62.673 64.750 65.870 68.342 67.738 67.279 65.537 65.056 64.883 66.002
59.651 59.546 58.442 57.912 57.066 56.998 56.538 56.562 56.602 56.543 56.239 56.019 55.217 55.513 55.690 55.076 55.530 56.037 54.950 54.806 55.834 56.508 56.774 57.762 57.237 57.652 58.462 58.422 58.989 58.554 58.112 55.189 53.733 53.654 53.904 54.569 55.996 57.739 58.329 58.888 59.816 60.307 57.879 57.753 57.869 56.332 56.302 56.464 56.624 58.075 59.821 62.242 64.083 65.247 65.465 64.444 63.772 63.108 62.627 60.537 59.438 57.222 56.789 57.317 60.255 60.984 62.249 64.798 66.121 67.930 67.952 67.251 64.962 64.106 64.159 65.412
60.151 60.260 59.465 59.368 58.448 58.651 57.626 57.577 57.432 57.217 57.254 56.589 57.007 56.689 56.328 55.412 56.344 56.114 55.086 55.676 55.900 55.818 55.916 56.776 56.673 57.212 58.447 57.799 58.081 57.996 57.284 54.612 53.383 53.203 53.507 53.885 55.318 57.570 58.258 58.928 58.887 58.025 56.952 55.817 55.533 54.639 53.731 53.609 54.341 53.671 55.970 59.057 61.985 64.237 65.682 65.231 64.585 63.830 63.057 61.037 59.694 59.061 58.806 59.008 60.885 61.783 62.474 64.954 66.150 68.245 68.129 66.392 64.002 62.602 62.413 64.490
61.524 60.908 61.090 60.760 60.518 60.217 59.080 58.379 58.021 57.103 57.066 56.644 55.521 55.476 55.879 56.442 56.227 55.605 54.766 54.392 54.268 54.190 53.102 53.730 53.805 53.685 53.418 54.582 55.240 56.953 56.680 55.625 54.888 54.682 54.453 54.541 56.099 59.514 59.147 58.281 55.313 54.630 51.222 49.367 49.407 49.370 48.602 47.652 48.049 48.613 49.783 51.885 55.313 59.600 60.790 61.714 60.688 60.803 60.414 58.957 59.912 62.857 63.085 63.086 64.082 64.780 65.299 66.821 67.226 67.351 66.828 65.921 62.413 60.881 60.635 62.641
61.827 61.481 61.171 60.807 60.754 59.433 58.898 57.934 57.876 56.709 57.082 55.839 54.921 55.085 55.351 56.010 55.216 55.424 55.034 53.674 53.545 53.603 52.083 51.832 50.564 49.836 49.225 50.235 52.226 54.420 55.503 56.449 56.716 56.489 54.691 55.395 56.974 59.888 59.184 57.884 54.260 52.516 48.988 47.595 46.262 45.485 43.831 44.114 44.118 45.285 45.235 46.558 49.705 56.581 58.477 59.702 58.008 59.227 58.128 57.087 59.032 64.689 64.848 65.155 65.607 66.066 66.520 67.589 68.324 68.241 67.854 66.070 62.624 60.937 60.688 62.977
61.377 61.723 61.320 60.843 60.386 58.979 59.027 57.422 57.287 57.283 55.949 54.769 54.976 54.193 54.354 55.141 56.340 55.481 54.612 53.497 53.374 51.904 50.604 48.851 48.066 48.539 46.691 47.937 48.707 52.777 54.378 55.242 55.585 55.411 54.567 55.114 56.393 58.288 57.261 55.720 52.359 50.274 46.051 44.088 42.929 41.479 40.624 39.836 38.716 40.684 41.750 42.742 43.377 49.113 49.698 52.807 54.151 55.207 55.272 54.250 56.658 65.827 65.915 66.406 67.068 67.399 67.678 68.612 69.061 68.849 68.712 67.115 63.734 62.061 61.380 64.445
59.944 60.618 59.672 60.078 59.911 58.935 58.253 56.681 54.951 54.487 53.075 52.279 52.348 51.982 52.234 52.263 50.284 50.114 51.223 50.536 50.050 48.673 47.867 45.445 43.614 42.769 39.990 40.973 42.244 47.001 49.866 49.707 49.775 51.019 49.315 48.187 48.019 50.118 50.696 48.896 45.781 43.478 38.967 37.647 35.961 33.475 31.785 30.237 28.956 28.741 32.575 34.764 33.629 34.973 36.687 36.519 41.861 43.259 44.507 45.414 45.968 54.947 57.283 59.790 66.921 68.845 69.850 70.475 70.843 70.646 70.407 69.768 67.204 66.533 66.101 67.225
59.325 59.717 60.893 61.038 59.512 57.319 56.730 55.715 53.815 52.863 52.357 50.752 50.842 51.540 51.258 48.809 47.555 47.733 48.454 48.839 49.045 46.783 45.655 42.510 40.596 39.621 37.104 36.210 37.248 45.136 46.861 46.892 46.341 46.936 44.940 45.286 44.936 44.862 44.815 44.584 43.088 40.912 36.090 33.322 31.643 28.942 27.829 27.473 26.626 25.809 30.643 30.487 30.382 31.315 33.452 33.255 34.359 36.638 40.015 40.100 41.296 47.439 51.401 54.485 63.458 66.182 67.572 70.137 70.648 70.599 70.574 70.446 69.124 68.378 68.193 68.763
59.046 59.239 57.318 56.787 55.219 54.789 53.504 51.024 50.588 50.528 48.372 48.474 48.004 46.342 45.046 41.127 40.694 40.416 41.159 42.295 41.725 39.453 38.111 32.001 29.716 31.330 28.377 28.594 30.471 35.325 36.610 37.967 38.481 37.851 34.012 33.356 34.150 34.261 33.953 32.714 31.655 30.621 28.461 28.114 26.919 24.617 23.893 23.563 22.728 22.111 22.888 23.757 24.637 25.059 26.741 27.567 27.326 27.386 28.661 33.390 34.632 41.960 45.873 49.743 55.391 58.811 61.743 66.532 67.830 68.993 69.348 69.743 72.224 72.313 71.964 71.484
57.360 56.715 55.770 54.450 54.426 53.812 52.678 50.295 49.091 48.769 47.352 47.001 45.090 44.070 42.895 38.486 38.030 38.286 36.719 37.744 36.465 34.615 32.520 26.024 22.124 23.674 26.191 28.209 29.937 28.210 30.506 31.743 33.770 33.737 30.798 30.433 30.214 30.643 29.824 29.599 28.765 28.995 26.704 26.079 24.856 22.108 21.240 21.091 20.947 20.379 20.076 20.809 21.203 20.643 21.857 23.392 24.630 26.032 27.740 30.614 31.740 37.799 41.859 46.214 52.130 54.148 58.299 64.656 66.016 67.747 68.715 68.794 70.811 72.264 71.875 72.339
55.850 54.132 51.243 51.482 50.831 50.786 49.485 48.823 47.160 46.197 45.851 45.095 42.627 41.808 41.119 37.316 37.003 37.051 31.520 31.671 31.073 29.500 28.896 20.198 16.135 15.982 22.532 26.359 26.634 24.370 26.156 27.377 28.891 29.375 28.348 27.837 27.275 27.449 27.280 26.315 25.839 26.735 24.832 23.509 22.079 19.278 18.250 18.350 19.144 18.721 17.257 17.760 16.915 16.526 17.552 19.629 23.386 25.812 26.244 27.910 29.367 33.590 38.207 42.323 47.015 50.465 54.923 62.742 63.831 65.695 67.721 68.922 69.691 72.246 72.242 72.580
48.716 48.243 45.010 45.240 43.650 44.095 43.390 43.638 44.014 42.555 41.806 40.138 38.303 36.439 36.057 35.927 36.091 32.231 22.835 18.632 20.958 21.555 19.165 11.938 11.759 11.732 12.077 12.379 13.000 17.053 18.745 20.083 19.558 19.987 21.109 21.033 20.293 19.901 19.412 19.292 20.435 20.769 18.883 17.748 16.762 15.750 15.561 15.549 17.005 17.182 16.182 16.975 16.935 16.852 16.569 16.650 14.095 15.784 16.211 23.242 24.419 28.810 33.259 35.468 42.400 44.952 51.659 58.406 59.826 61.904 63.813 65.103 69.407 69.773 70.906 72.384
43.600 42.547 41.509 41.870 41.163 41.321 40.300 41.660 42.303 41.473 38.524 37.949 36.003 34.241 34.335 33.578 33.058 28.553 20.326 17.206 18.553 17.895 15.531 11.894 12.303 12.545 12.036 12.302 11.649 15.467 16.982 17.153 17.523 17.741 17.311 18.365 18.860 16.826 17.529 17.606 18.056 18.281 16.631 15.992 15.868 15.603 15.591 15.763 15.589 15.713 17.164 17.174 17.133 17.183 16.663 16.141 12.276 10.907 8.544 18.391 21.909 27.865 31.565 35.354 40.808 43.248 49.254 55.130 57.306 60.661 61.830 63.174 67.161 69.589 70.560 71.825
40.926 40.504 38.720 39.266 38.800 38.670 38.477 38.951 39.347 39.048 36.192 35.717 34.104 32.078 30.524 28.764 26.902 24.401 18.908 16.947 16.950 16.301 14.683 13.127 13.250 13.566 13.656 13.537 12.635 13.619 16.068 16.543 16.638 17.217 16.383 16.560 16.956 16.606 16.816 16.136 16.128 16.139 15.784 15.671 15.623 15.497 15.111 14.880 15.451 15.444 17.516 17.427 17.152 17.200 16.589 15.812 11.518 9.465 8.577 16.896 20.601 25.709 30.099 34.700 41.088 44.975 48.049 52.728 54.629 58.056 59.721 61.702 67.010 68.169 69.565 71.146
37.484 36.957 34.200 33.442 32.648 33.146 33.266 32.139 33.616 34.097 31.492 30.027 26.521 24.534 22.728 21.707 19.544 17.802 16.848 15.588 14.492 14.336 15.150 16.056 16.056 16.129 16.717 16.051 15.080 13.775 13.265 15.243 15.659 14.695 13.434 14.537 14.911 15.680 15.527 13.721 14.297 14.367 12.599 12.592 12.856 12.108 11.232 10.454 11.643 12.607 15.670 17.428 16.906 15.612 14.842 14.324 12.550 10.966 9.621 15.422 18.302 22.745 27.755 33.082 40.757 41.745 44.926 46.719 49.105 53.674 55.955 57.746 61.060 63.428 65.142 66.958
35.349 33.862 31.158 31.080 30.023 31.145 30.473 26.744 27.473 29.104 26.936 25.322 22.365 20.762 19.779 19.360 17.871 17.048 15.891 13.939 12.893 14.710 15.970 17.823 17.913 18.025 18.340 17.044 15.777 13.570 12.259 14.337 15.191 14.162 12.448 11.783 11.366 11.925 12.012 11.533 13.591 13.450 10.840 11.817 12.874 10.257 10.489 10.868 11.687 11.289 13.448 14.612 15.634 14.894 14.541 14.281 13.199 11.312 9.348 13.897 16.613 22.153 26.984 32.122 39.627 41.261 43.116 43.937 45.550 50.930 53.695 55.133 58.111 59.471 61.917 64.434
32.051 30.539 28.657 28.382 28.635 28.837 27.879 25.547 25.077 25.125 22.368 20.535 18.823 17.388 17.367 17.537 17.230 16.276 14.512 12.802 13.839 16.884 18.255 20.244 20.521 20.564 20.295 18.403 16.656 14.169 12.713 14.100 14.477 14.549 13.505 12.673 12.703 12.554 12.330 12.581 13.165 12.666 11.605 13.091 13.845 11.388 12.010 12.783 13.251 11.582 11.251 12.515 13.449 14.264 13.906 13.804 13.637 11.436 9.332 12.453 15.869 22.063 26.594 31.090 37.325 38.454 40.213 42.542 44.287 47.835 49.931 51.908 56.230 57.281 60.023 61.989
