resources/mdt.asc
ncols        576
nrows        273
xllcorner    330726.000000000000
yllcorner    4813891.000000000931
dx           6.836805555556
dy           6.835164835163
[rows 204 to 237 of 273, columns 380 to 455 of 576]
0.000 0.000 0.000 0.000 0.000 0.000 0.000 0.000 0.000 0.000 0.000 0.000 0.000 0.000 0.008 0.736 0.992 1.226 2.571 2.985 2.922 2.996 3.085 3.418 3.098 3.034 3.101 3.114 3.044 2.965 3.037 3.082 3.143 3.163 3.148 3.133 3.108 3.172 3.115 3.232 3.295 3.408 4.745 5.444 6.213 6.869 8.174 8.636 9.033 8.000 7.567 8.456 8.399 8.110 10.510 10.984 11.650 12.198 12.347 13.816 14.593 15.070 19.866 21.221 25.376 30.222 31.889 35.321 37.930 39.255 42.763 45.641 48.376 50.233 51.661 54.587
0.000 0.000 0.000 0.000 0.000 0.000 0.000 0.000 0.000 0.000 0.000 0.000 0.000 0.000 0.000 0.070 0.148 0.696 1.898 2.556 2.931 3.022 3.078 3.168 3.118 3.046 3.051 2.936 2.913 3.041 3.053 3.097 3.164 3.178 3.164 3.150 3.150 3.090 3.142 3.296 3.334 3.268 4.037 4.851 5.704 7.016 7.660 7.623 7.125 7.158 7.004 7.681 7.508 9.696 10.665 11.003 11.998 12.053 12.073 13.384 13.854 14.311 19.994 20.178 21.488 26.398 31.968 35.335 38.462 40.265 43.377 46.238 48.925 51.072 53.123 56.448
0.000 0.000 0.000 0.000 0.000 0.000 0.000 0.000 0.000 0.000 0.000 0.000 0.000 0.000 0.092 0.634 0.000 0.000 0.828 2.356 2.952 3.050 3.047 3.124 3.144 3.447 2.880 2.864 3.063 3.154 3.187 3.188 3.075 3.095 3.187 3.133 3.099 3.060 3.116 3.243 3.245 3.221 3.445 3.663 4.275 5.587 5.835 5.491 5.854 5.828 6.268 5.971 6.431 10.432 10.650 10.947 11.571 11.456 11.551 12.468 13.300 14.405 20.145 20.233 20.519 21.527 28.926 36.888 39.754 41.914 44.780 47.310 50.651 51.684 52.958 56.987
0.000 0.000 0.000 0.000 0.000 0.000 0.000 0.000 0.000 0.000 0.000 0.000 0.000 0.105 1.046 0.806 0.492 0.000 1.451 2.643 2.971 3.056 3.041 3.121 3.546 2.958 2.886 2.968 3.300 3.228 3.237 3.215 3.067 3.100 3.124 3.090 3.132 3.072 3.116 3.188 3.263 3.223 3.388 3.483 3.805 4.721 4.869 4.882 5.523 5.394 5.585 5.593 7.464 10.500 10.670 10.834 11.977 11.229 11.369 12.499 13.529 16.391 20.221 20.312 21.092 26.558 33.134 36.604 39.048 41.163 45.172 47.418 50.803 52.241 54.597 57.267
0.000 0.000 0.000 0.000 0.000 0.000 0.000 0.000 0.000 0.000 0.000 0.000 0.000 0.117 1.161 0.883 0.603 0.111 2.069 2.912 3.007 3.091 3.121 2.934 2.932 2.930 3.026 3.127 3.195 3.263 3.254 3.217 3.081 3.156 3.067 3.155 3.175 3.088 3.093 3.201 3.281 3.258 3.380 3.480 3.628 4.224 4.568 4.765 4.906 4.898 4.889 5.321 6.852 10.207 10.594 10.751 11.214 11.169 11.371 13.070 14.316 18.940 20.292 20.386 21.767 28.918 33.629 36.287 39.174 41.193 46.081 47.693 51.375 52.633 55.148 57.728
0.000 0.000 0.000 0.000 0.000 0.000 0.000 0.000 0.000 0.000 0.000 0.000 0.000 0.091 0.949 1.100 0.659 0.692 2.997 3.179 3.209 3.009 2.965 2.918 2.924 3.108 3.141 3.163 3.166 3.132 3.116 3.103 3.045 3.106 3.344 3.327 3.342 3.264 3.214 3.286 3.242 3.394 3.579 3.547 3.734 4.163 4.303 4.470 4.398 4.645 4.673 5.833 7.110 8.823 9.634 10.538 11.006 11.169 11.792 13.313 15.544 17.302 20.447 20.584 26.358 31.899 32.999 37.601 39.800 41.025 46.852 48.395 51.439 53.140 54.882 57.976
0.000 0.000 0.000 0.000 0.000 0.000 0.000 0.000 0.000 0.000 0.000 0.000 0.000 0.075 0.784 1.153 1.361 1.214 3.153 3.221 3.218 2.884 2.830 3.018 3.093 3.134 3.169 3.150 3.122 3.083 3.099 3.079 3.145 3.287 3.308 3.355 3.409 3.337 3.283 3.215 3.259 3.370 3.537 3.739 4.099 4.075 4.389 4.240 4.472 4.747 4.900 5.809 7.135 8.313 8.915 10.532 11.066 11.393 11.891 12.880 13.837 14.801 18.410 20.648 27.877 31.729 32.646 37.342 39.059 40.734 46.580 47.704 51.507 53.066 54.900 58.689
0.000 0.000 0.000 0.000 0.000 0.000 0.000 0.000 0.000 0.000 0.086 0.832 0.494 0.067 0.712 1.405 2.330 2.955 3.207 3.272 2.919 2.958 2.872 3.126 3.189 3.178 3.166 3.126 3.089 3.118 3.053 3.039 3.188 3.294 3.345 3.342 3.353 3.269 3.196 3.241 3.314 3.337 3.598 3.913 4.042 4.079 4.115 4.136 4.516 4.907 5.250 5.339 6.264 7.801 8.047 10.074 11.054 11.243 11.895 12.977 13.605 14.763 17.347 20.715 26.134 31.270 32.456 37.116 38.781 41.308 46.155 47.896 51.710 53.182 55.041 58.770
0.000 0.000 0.000 0.000 0.000 0.000 0.000 0.098 0.980 0.945 1.103 1.683 1.844 0.918 1.092 3.131 3.169 3.160 2.852 2.885 2.934 3.017 3.373 3.344 3.117 3.129 3.182 3.157 3.100 3.040 3.038 3.132 3.258 3.283 3.360 3.326 3.232 3.150 3.229 3.294 3.415 3.578 3.459 3.601 3.754 4.059 4.224 4.234 4.725 5.089 5.620 6.316 6.579 6.539 7.120 8.272 11.389 11.727 12.627 13.270 13.178 13.823 19.942 20.917 28.475 31.599 32.651 36.183 38.536 41.467 45.388 47.495 51.809 52.754 54.849 58.783
0.000 0.000 0.000 0.000 0.000 0.000 0.000 0.105 1.044 0.952 0.932 1.440 1.904 1.838 2.974 3.181 3.179 3.004 2.852 2.900 2.929 3.192 3.318 3.301 3.200 3.084 3.121 3.066 3.044 3.592 3.132 3.166 3.307 3.267 3.426 3.199 3.147 3.200 3.312 3.409 3.547 3.731 3.599 3.649 3.653 4.166 4.321 4.338 4.828 4.998 6.046 6.495 6.709 7.063 7.157 10.952 11.542 12.352 13.131 13.782 13.680 15.197 20.685 21.062 28.469 30.973 32.519 36.538 39.182 42.377 44.725 47.309 51.308 53.342 55.136 58.680
0.000 0.000 0.000 0.000 0.000 0.000 0.000 0.011 0.105 0.092 0.088 1.009 2.295 3.171 3.191 2.947 2.853 2.880 2.950 3.051 3.110 3.262 3.301 3.156 3.177 3.093 3.134 3.079 3.144 3.338 3.343 3.319 3.361 3.242 3.150 3.181 3.197 3.421 3.507 3.577 3.730 3.650 4.045 4.895 4.478 4.284 4.523 4.717 5.170 5.544 5.771 6.007 6.674 8.995 10.729 13.183 13.264 13.994 14.531 14.548 16.007 18.138 21.011 24.094 29.973 31.449 33.279 37.516 41.347 41.741 44.731 47.141 49.980 52.364 53.828 57.737
0.000 0.000 0.000 0.000 0.000 0.000 0.000 0.000 0.066 0.687 1.080 1.276 3.069 3.181 3.093 2.894 2.891 2.872 3.055 3.126 3.179 3.245 3.243 3.099 3.119 3.046 3.044 3.153 3.244 3.345 3.336 3.290 3.235 3.147 3.220 3.257 3.317 3.510 3.562 3.613 3.663 3.721 4.400 4.797 4.846 5.076 4.945 4.831 5.356 5.557 5.591 5.492 6.043 9.192 11.915 13.985 14.321 14.998 15.423 14.136 16.184 20.296 21.604 26.402 31.445 32.790 34.416 38.722 40.475 39.687 43.270 45.694 48.447 50.623 52.537 57.381
0.000 0.000 0.000 0.000 0.000 0.000 0.000 0.067 0.775 1.766 2.809 2.976 3.177 3.059 2.848 2.899 2.915 3.064 3.153 3.201 3.229 3.222 3.200 3.084 3.043 3.215 3.486 3.294 3.223 3.330 3.310 3.270 3.139 3.213 3.300 3.372 3.446 3.581 3.614 3.711 3.672 3.993 4.752 4.927 4.960 4.990 5.040 5.513 5.401 5.450 5.423 5.335 5.635 11.660 13.722 14.468 15.403 15.812 15.964 16.108 19.621 20.480 22.959 28.153 32.383 34.277 35.723 38.300 39.770 40.038 42.879 44.956 47.925 50.070 52.002 55.948
0.000 0.000 0.000 0.000 0.000 0.000 0.000 0.775 1.819 3.095 3.173 3.197 3.036 2.886 2.873 3.044 3.076 3.165 3.264 3.265 3.205 3.131 3.084 3.105 3.567 3.754 3.639 3.475 3.215 3.233 3.164 3.186 3.336 3.404 3.618 3.646 3.693 3.683 3.673 3.776 4.040 4.368 4.585 4.070 3.855 4.863 5.147 5.197 5.762 5.685 5.578 9.262 10.501 12.665 13.859 14.845 16.641 17.390 18.095 19.843 20.185 20.594 28.534 30.530 34.832 36.212 37.281 39.116 40.003 41.705 44.003 45.136 48.817 50.018 51.761 55.538
0.000 0.000 0.000 0.000 0.071 0.743 1.056 1.364 3.014 3.163 3.117 2.968 2.968 2.924 2.917 3.015 3.107 3.183 3.239 3.221 3.170 3.065 3.045 3.136 3.385 3.867 3.661 3.476 3.221 3.136 3.180 3.297 3.446 3.530 3.670 3.704 3.792 3.687 3.827 3.927 4.206 4.413 4.429 3.713 3.544 4.974 5.160 5.442 6.035 6.464 7.345 9.683 11.064 13.501 14.658 15.720 17.538 18.171 18.870 19.936 20.145 21.506 29.802 33.214 36.493 37.777 38.764 40.060 41.031 43.492 45.363 46.614 49.521 50.877 52.624 55.899
0.046 0.468 0.779 0.948 1.179 1.683 1.899 3.012 3.178 3.189 2.864 2.826 2.933 3.000 3.067 3.053 3.129 3.173 3.183 3.166 3.143 3.072 3.108 3.175 3.309 3.725 3.599 3.415 3.202 3.217 3.282 3.336 3.493 3.571 3.669 3.721 3.674 3.830 3.995 4.139 4.415 4.480 4.424 4.021 4.359 5.092 5.332 5.661 6.297 7.383 7.407 10.212 12.196 14.408 15.730 16.691 18.371 19.965 19.769 20.073 20.673 24.947 32.324 35.598 37.129 38.647 39.590 41.383 42.477 44.588 46.595 47.747 50.429 51.922 53.364 56.893
0.950 1.274 1.902 2.132 2.593 3.059 3.167 3.359 2.992 2.826 2.885 2.909 3.143 3.039 3.047 3.134 3.115 3.104 3.082 3.062 3.082 3.200 3.354 3.351 3.396 3.671 3.154 3.113 3.173 3.250 3.270 3.294 3.455 3.506 3.517 3.564 3.624 3.976 4.303 4.600 5.068 4.455 4.438 4.716 4.992 5.267 5.643 6.605 10.097 10.243 10.197 12.575 13.023 15.697 16.989 17.530 21.409 21.677 21.495 25.093 27.614 30.691 35.192 36.542 39.417 40.372 41.514 44.193 45.335 46.445 49.343 51.401 55.356 54.999 56.907 60.239
1.432 1.840 2.431 2.665 3.171 3.203 3.232 2.982 2.848 2.864 2.897 3.112 3.008 3.004 3.009 3.098 3.131 3.148 3.045 3.058 3.138 3.212 3.263 3.433 3.428 3.281 3.176 3.179 3.169 3.344 3.363 3.366 3.376 3.451 3.495 3.539 3.573 3.957 4.253 4.650 5.233 5.159 4.651 4.876 4.958 5.981 6.508 6.705 10.385 10.578 12.972 13.142 13.816 16.271 17.386 17.956 22.606 22.633 22.452 27.847 31.299 32.886 36.026 37.542 40.190 41.171 42.402 44.967 46.260 48.543 51.237 53.886 56.685 56.678 57.986 60.994
2.256 2.639 3.103 3.256 3.305 3.125 2.874 2.857 2.807 2.856 3.050 3.090 3.113 3.130 3.176 3.142 3.090 3.072 3.301 3.367 3.300 3.301 3.311 3.153 3.092 3.176 3.169 3.216 3.304 3.540 3.544 3.504 3.419 3.453 4.059 4.309 4.178 3.990 4.398 4.479 5.230 4.661 4.778 5.359 5.716 7.316 7.238 7.396 10.718 12.396 13.440 16.934 17.193 17.366 17.565 19.895 24.656 24.753 27.138 31.908 33.949 35.107 37.302 39.106 41.824 43.391 44.771 48.700 49.155 50.179 53.315 55.054 57.340 58.944 60.721 63.754
2.628 2.956 3.266 3.303 3.002 2.809 2.825 2.773 2.885 3.015 3.162 3.150 3.138 3.149 3.229 3.052 3.065 3.112 3.444 3.347 3.283 3.277 3.220 3.103 3.166 3.139 3.198 3.281 3.402 3.637 3.631 3.579 3.456 3.665 4.716 5.057 4.847 4.187 4.557 4.745 4.891 4.953 5.301 5.857 6.360 7.718 7.354 8.048 10.924 13.411 13.638 16.680 17.697 17.406 18.273 20.981 25.705 26.423 28.092 32.339 34.154 36.200 37.981 39.462 43.083 44.174 45.386 50.055 49.643 50.946 54.035 55.921 58.236 60.018 61.277 64.428
2.955 3.124 3.335 3.307 2.775 2.784 2.828 3.497 3.400 3.224 3.235 3.169 3.125 3.102 3.073 3.070 3.100 3.137 3.238 3.339 3.320 3.239 3.111 3.168 3.141 3.113 3.205 3.294 3.420 3.669 3.831 3.511 3.519 3.967 5.262 5.723 5.824 4.546 5.128 5.433 4.776 4.884 5.899 6.439 6.580 7.757 7.716 9.490 12.093 13.663 13.933 16.579 17.821 18.500 19.614 22.618 26.802 28.355 30.811 33.261 34.388 36.741 38.766 40.365 43.728 44.693 45.852 49.282 50.353 51.732 55.043 56.357 59.214 60.876 61.831 63.801
3.319 3.315 2.974 2.859 2.792 2.801 2.925 3.174 3.282 3.290 3.201 3.107 3.090 2.974 2.977 3.059 3.108 3.152 3.190 3.208 3.169 3.536 3.294 3.225 3.172 3.143 3.163 3.207 3.310 3.831 3.408 3.411 3.899 4.449 5.745 6.058 5.666 5.466 5.480 5.849 5.492 5.615 6.638 7.341 7.984 8.559 10.763 11.173 13.918 14.003 14.995 17.462 18.205 21.359 23.618 26.713 28.821 30.932 34.623 36.186 37.437 38.227 41.614 42.540 44.783 45.944 47.720 50.332 51.766 53.325 56.144 57.602 60.888 61.810 62.824 65.045
3.269 3.196 2.876 2.790 2.910 2.860 2.931 3.110 3.089 3.139 3.088 3.049 2.993 2.984 3.013 3.081 3.123 3.159 3.186 3.147 3.089 3.321 3.326 3.308 3.248 3.207 3.212 3.487 3.251 3.383 3.353 3.442 3.875 4.373 5.746 5.922 5.649 5.439 5.415 5.487 5.786 6.003 7.346 8.070 8.103 11.433 11.288 11.559 14.042 14.446 15.653 17.886 18.399 23.213 25.758 28.365 29.938 32.977 34.896 37.076 37.838 39.608 42.568 43.213 45.790 46.995 48.452 51.011 52.595 54.147 57.116 58.614 61.446 62.379 63.655 66.817
3.448 3.100 2.886 2.862 2.928 2.914 2.938 3.014 2.999 2.983 2.978 2.949 2.940 3.002 3.035 3.092 3.118 3.154 3.145 3.139 3.135 3.304 3.347 3.353 3.312 3.272 3.213 3.261 3.255 3.348 3.464 3.759 3.812 4.195 5.448 5.673 5.392 5.279 5.288 5.333 5.733 6.435 8.137 8.301 8.841 11.495 11.820 13.917 14.188 14.478 16.004 18.156 19.282 25.301 28.008 30.448 30.979 34.729 35.861 39.099 40.038 40.571 43.276 44.194 46.326 47.958 49.208 51.923 53.471 54.786 57.654 59.655 61.951 63.112 64.187 67.495
3.096 3.081 2.973 2.934 2.959 2.968 2.972 2.960 2.939 2.915 2.893 2.922 2.960 3.032 3.070 3.110 3.161 3.052 3.146 3.178 3.202 3.301 3.342 3.365 3.343 3.322 3.289 3.324 3.362 3.356 3.411 3.713 3.800 3.908 4.534 4.628 4.596 4.727 5.273 6.439 8.503 8.761 8.986 11.488 11.643 14.163 14.366 14.326 14.610 15.554 16.430 19.868 22.851 29.285 32.070 33.375 35.711 37.255 39.295 40.967 41.750 42.799 44.966 45.881 48.403 49.661 50.874 53.691 54.845 56.283 59.968 61.198 63.519 64.606 66.862 68.735
3.141 3.113 3.023 3.000 2.968 2.961 2.960 2.937 2.894 2.885 2.910 2.959 2.988 3.059 3.103 3.121 3.070 3.135 3.243 3.290 3.402 3.383 3.389 3.395 3.414 3.343 3.345 3.353 3.313 3.305 3.315 3.389 3.511 3.687 4.199 4.353 4.478 6.319 6.927 8.045 8.808 8.841 11.498 11.765 12.576 14.452 14.405 14.445 16.797 20.055 20.274 22.060 24.911 31.685 33.854 34.343 37.764 38.899 40.072 42.183 43.236 43.987 46.162 46.985 49.488 50.588 51.879 54.392 55.715 57.426 60.963 61.697 65.421 66.612 67.740 68.556
3.140 3.125 3.070 3.029 2.929 2.961 2.968 2.873 2.841 2.889 2.938 2.983 3.012 3.063 3.132 3.046 3.188 3.221 3.383 3.443 3.536 3.494 3.459 3.421 3.372 3.331 3.488 3.431 3.431 3.483 3.410 3.277 3.442 3.629 4.124 4.424 5.673 6.968 7.699 8.713 9.049 9.409 12.101 14.427 14.438 14.500 14.489 15.034 23.203 24.320 24.162 25.832 27.925 33.405 35.317 35.461 39.377 40.202 41.404 43.296 44.505 45.443 47.341 48.237 50.422 51.492 52.796 55.148 57.274 59.133 61.272 62.506 66.380 67.487 68.170 68.507
3.171 3.127 3.086 3.081 2.925 2.897 2.839 2.867 2.893 2.933 2.987 3.006 3.022 2.985 3.024 3.240 3.289 3.334 3.585 3.628 3.650 3.561 3.545 3.515 3.656 3.747 3.905 4.087 4.402 5.076 5.242 5.198 4.961 4.617 4.303 5.138 6.044 7.887 9.626 10.199 12.823 13.897 14.992 14.822 14.749 16.857 18.695 23.240 28.066 29.689 31.147 32.972 35.010 38.000 38.167 38.120 42.104 42.927 43.772 45.676 46.843 47.630 49.495 51.281 53.697 55.545 56.556 59.142 60.205 60.375 62.225 64.029 68.189 68.536 68.615 68.674
3.235 3.244 3.126 3.046 2.870 2.824 2.873 2.899 2.947 2.963 2.987 2.999 3.034 3.081 3.191 3.310 3.589 3.374 3.860 4.073 3.742 3.518 3.633 3.956 3.851 3.949 4.270 4.511 4.920 6.809 7.148 6.642 5.744 5.434 4.454 5.060 6.391 9.772 9.987 11.626 15.373 16.029 15.387 15.219 17.639 21.094 24.270 27.044 29.933 30.778 31.899 35.345 36.760 39.595 39.071 39.184 42.765 43.776 44.726 46.926 47.881 48.839 51.716 53.931 56.065 57.160 58.044 60.007 60.402 60.630 65.855 67.911 70.009 70.446 69.012 68.829
3.393 3.172 3.007 2.906 2.963 2.936 2.888 2.925 2.964 3.000 2.949 2.884 2.985 3.188 3.270 3.355 3.500 4.085 3.466 3.577 3.656 4.005 4.247 4.479 4.154 4.250 5.638 6.230 5.965 8.211 9.059 8.555 9.372 8.581 8.188 8.798 12.063 15.361 17.321 19.034 20.589 21.313 23.036 22.388 22.609 25.525 26.200 29.026 30.742 31.758 33.235 37.343 38.889 39.771 41.282 41.604 45.513 46.791 48.591 51.058 53.156 53.682 55.558 56.917 59.312 59.896 60.233 62.212 63.172 64.365 67.207 68.907 70.127 71.011 70.973 69.294
3.257 3.158 2.948 2.946 2.880 2.869 2.876 2.948 2.961 2.965 2.917 3.096 3.041 3.214 3.284 3.377 3.385 3.467 3.592 3.588 3.709 4.240 4.787 4.507 4.336 4.212 5.639 6.440 6.422 9.134 10.794 12.100 11.357 11.030 10.762 12.954 16.238 19.790 21.543 23.788 26.105 25.937 26.965 26.516 25.828 26.107 27.202 28.782 33.079 34.243 37.038 39.175 39.514 41.413 42.372 43.748 47.877 48.795 50.492 53.477 54.058 54.741 58.442 59.182 60.602 61.771 62.906 64.515 64.752 65.038 66.442 67.524 69.661 70.167 70.664 70.701
3.212 3.107 3.021 2.933 2.902 2.904 2.926 2.933 2.933 2.858 2.977 3.033 3.072 3.227 3.309 3.357 3.391 3.432 3.584 3.611 3.776 4.382 5.177 4.547 4.737 4.983 5.431 6.046 6.587 9.433 11.118 12.084 11.402 11.350 15.535 17.040 20.379 24.891 26.596 28.571 31.902 31.707 31.632 31.977 31.193 30.058 30.851 32.051 36.146 36.880 38.693 39.501 39.822 43.033 43.184 45.273 48.173 50.786 52.768 55.598 56.443 57.542 59.805 61.116 64.273 65.410 64.996 67.884 65.508 65.713 66.704 67.212 69.234 69.667 70.209 71.091
3.160 3.019 2.967 2.941 2.919 2.910 2.978 2.825 2.938 2.948 2.935 2.986 3.054 3.240 3.276 3.360 3.448 3.620 3.715 3.805 3.900 4.099 4.363 4.986 5.027 5.299 5.944 6.637 8.062 11.541 12.113 12.169 18.158 20.422 25.941 25.510 26.832 33.879 35.420 37.447 40.040 40.679 39.502 38.955 38.891 38.443 39.324 39.874 38.925 40.304 42.099 44.342 45.099 45.588 48.348 50.086 52.092 53.957 56.007 59.067 59.173 62.672 66.345 66.501 67.847 68.496 68.666 68.367 67.810 67.323 67.341 67.757 68.514 69.115 69.629 70.381
3.124 3.018 2.953 2.935 2.907 2.880 2.857 2.915 2.973 2.928 2.932 2.958 3.034 3.149 3.230 3.341 3.424 3.548 3.854 3.867 4.016 4.449 4.527 5.220 5.407 5.436 6.629 7.319 8.626 12.268 12.222 14.023 19.871 21.618 26.968 29.974 33.240 35.746 37.588 39.264 41.483 42.956 42.591 42.144 41.522 41.548 42.695 42.404 41.812 43.338 44.941 46.741 46.445 49.635 50.799 51.109 54.032 55.640 57.397 59.848 61.811 63.891 66.304 64.873 67.566 68.297 68.534 68.189 67.915 67.404 67.599 67.865 68.378 68.575 68.884 69.973
