resources/mdt.asc
ncols        576
nrows        273
xllcorner    330726.000000000000
yllcorner    4813891.000000000931
dx           6.836805555556
dy           6.835164835163
[rows 238 to 271 of 273, columns 380 to 455 of 576]
3.117 3.001 2.928 2.931 2.884 2.805 2.786 2.877 2.885 2.841 2.895 2.912 2.982 3.182 3.167 3.230 3.344 3.457 3.902 4.319 4.735 4.857 4.920 5.535 5.478 5.753 6.973 8.056 9.194 12.343 13.042 15.842 20.602 24.838 29.053 31.563 34.533 36.906 40.314 41.446 42.806 43.222 43.678 44.042 43.632 43.747 43.846 43.752 45.477 45.375 46.868 47.753 48.514 52.565 53.629 54.937 56.679 57.435 58.663 61.948 63.493 63.811 64.163 63.858 67.012 67.384 67.633 67.366 66.694 66.918 67.871 68.409 69.941 69.509 69.466 69.644
3.081 3.052 2.926 2.883 2.857 2.853 2.883 2.824 2.764 2.702 2.885 3.134 3.384 3.480 3.407 3.473 3.490 3.882 4.254 4.569 5.134 5.340 5.417 5.560 5.967 6.617 7.812 9.065 10.334 13.646 15.311 16.706 21.484 25.029 30.021 33.691 36.242 40.313 42.949 44.238 46.771 46.122 46.850 48.526 49.147 46.112 45.883 45.696 46.529 46.663 46.950 48.643 50.392 53.817 55.254 56.129 57.700 58.494 58.766 61.253 63.099 62.434 62.845 63.547 64.640 64.681 64.752 65.339 66.578 66.613 66.460 66.867 67.003 67.186 67.234 67.947
3.086 3.126 2.902 2.819 2.860 2.849 2.840 2.814 3.174 3.310 2.973 3.135 3.611 3.687 3.583 4.126 4.005 4.114 4.142 4.652 5.085 5.499 5.555 6.228 6.179 6.862 8.492 9.744 12.644 13.645 14.785 17.477 21.939 24.135 29.865 33.025 36.774 41.003 43.478 45.479 47.288 46.704 47.958 49.113 50.307 50.155 49.217 46.777 47.199 46.741 47.564 50.183 51.134 54.392 55.535 55.668 57.050 58.214 58.735 60.248 61.137 61.597 62.272 63.313 63.003 63.734 63.921 64.722 65.165 65.415 65.137 65.455 66.039 65.934 65.663 66.941
3.057 3.006 2.838 2.914 2.869 2.871 2.829 2.927 3.959 4.135 3.625 3.209 3.533 3.754 4.000 4.235 4.131 4.141 4.156 4.528 5.345 5.615 5.675 6.415 7.146 7.510 8.943 11.144 13.033 13.975 17.640 19.164 21.499 22.929 29.813 31.341 34.368 40.482 43.286 45.161 47.672 47.028 48.994 49.674 50.927 51.851 51.093 49.742 48.687 48.845 49.118 51.143 52.686 54.803 55.991 56.299 57.378 57.767 58.643 59.917 60.766 61.135 60.966 61.652 61.616 61.827 62.918 63.266 63.611 63.426 62.918 64.152 64.362 64.489 65.371 65.618
3.037 3.003 2.925 2.907 2.664 2.875 3.051 3.070 4.640 5.607 4.375 3.121 5.403 6.584 6.167 6.661 4.437 4.206 4.493 4.838 5.880 5.649 5.705 8.931 9.366 9.966 13.062 13.468 14.351 16.077 19.250 19.415 21.025 22.292 27.191 29.223 32.238 35.789 37.365 40.246 44.016 43.838 47.534 49.861 50.173 50.615 51.049 50.772 49.199 49.631 51.945 53.612 53.997 54.783 55.977 56.188 56.888 57.113 57.049 56.977 57.592 58.917 60.292 59.765 59.671 59.112 59.130 60.448 60.263 60.689 61.110 61.111 62.143 62.351 62.648 63.772
3.093 3.012 2.919 2.825 2.407 2.723 2.951 3.176 4.887 5.954 3.867 6.128 6.659 9.118 8.968 10.631 9.368 9.294 5.594 7.973 8.471 7.488 7.898 10.433 11.195 13.248 13.821 14.173 14.690 17.141 18.764 19.305 21.113 22.372 26.248 29.017 30.549 33.937 34.996 36.335 41.060 42.453 44.642 47.184 48.211 48.887 49.503 50.002 49.701 51.227 52.819 54.222 54.064 55.482 56.045 54.646 54.980 55.004 55.248 56.010 56.736 57.158 57.889 57.874 58.620 58.719 58.747 58.855 59.275 59.262 59.483 59.782 60.962 61.925 62.172 62.067
3.079 2.978 2.968 3.104 2.890 4.158 5.930 9.531 10.797 12.946 15.604 15.642 14.516 16.475 16.336 16.163 16.136 15.994 15.709 15.375 15.212 14.787 14.543 14.219 14.475 14.494 14.465 14.625 15.148 19.741 20.048 20.154 21.926 22.943 25.242 26.495 27.205 30.896 33.662 34.599 36.495 37.796 39.793 41.506 42.613 44.111 45.094 46.126 47.740 50.734 52.299 54.091 54.543 54.142 54.168 53.567 52.780 53.614 54.933 54.871 55.844 56.065 55.364 55.328 56.239 56.618 56.492 58.253 58.191 58.184 58.321 58.217 59.383 59.747 60.090 59.282
3.028 2.948 2.929 3.064 3.117 5.209 7.309 12.817 13.812 15.442 17.568 17.290 16.915 17.121 16.542 17.259 16.304 16.205 15.922 15.811 17.145 17.160 16.952 15.175 16.295 16.715 14.815 15.017 17.679 21.008 21.577 22.133 24.616 25.719 25.514 26.267 27.160 29.344 31.341 33.147 35.738 36.765 38.624 40.025 41.032 42.638 44.276 44.826 46.863 49.109 51.235 52.827 53.428 52.502 51.601 51.671 52.803 54.293 54.191 54.530 54.948 55.508 54.599 54.550 56.133 56.470 56.580 57.515 57.172 57.946 57.771 56.771 57.467 57.960 58.342 58.019
3.041 2.976 2.905 2.858 3.896 6.004 8.809 13.599 14.592 17.777 17.560 17.380 17.372 16.590 15.575 19.414 17.802 16.547 21.403 22.906 24.373 25.375 24.738 19.376 18.675 19.766 20.847 19.536 20.866 22.468 22.749 23.115 26.676 26.165 26.259 26.729 27.764 29.193 30.609 31.479 33.333 34.286 36.858 38.361 39.657 42.039 42.979 43.623 45.646 47.999 49.853 50.851 51.248 50.573 50.499 51.160 53.779 54.256 54.523 54.958 54.795 53.819 54.241 54.851 55.514 55.912 55.985 56.351 56.174 56.767 56.273 55.652 56.106 55.757 56.132 56.323
3.328 3.165 2.995 4.123 7.565 9.241 12.035 16.855 18.296 18.049 18.658 18.380 18.513 18.177 17.899 28.913 29.467 31.003 29.883 30.218 30.405 30.954 29.986 30.443 29.785 29.470 29.169 28.810 27.517 27.018 28.755 29.949 30.116 30.015 29.255 29.437 29.963 29.709 30.666 31.895 33.651 34.218 35.940 36.922 38.040 39.394 40.764 41.778 44.157 45.101 46.102 47.452 47.780 49.138 49.246 50.403 51.705 51.904 52.065 51.475 52.177 52.858 51.552 51.777 52.489 52.841 53.198 54.610 54.431 54.495 53.381 53.425 52.498 51.879 51.761 52.210
3.593 3.234 3.758 5.637 9.146 10.578 13.119 18.171 18.262 18.105 18.921 19.047 19.191 20.576 25.906 33.036 33.342 33.528 33.467 33.558 33.389 32.941 31.515 30.535 30.408 30.490 31.120 31.122 30.934 30.611 32.806 32.908 32.276 32.959 33.657 34.137 34.560 35.826 36.658 36.815 35.983 35.287 36.712 37.524 38.558 39.514 40.704 41.998 43.293 45.129 46.050 47.319 47.625 47.938 48.105 48.589 50.411 49.948 49.641 50.351 50.838 51.051 51.091 51.272 52.126 52.772 53.721 53.357 53.427 53.053 52.454 52.334 51.219 51.253 50.755 50.477
3.487 3.131 4.411 6.804 10.300 12.194 13.775 18.603 18.324 18.246 18.825 18.937 21.118 29.235 32.122 33.970 33.907 33.898 34.104 34.062 34.019 33.682 33.819 31.084 32.369 32.491 32.957 33.006 33.250 33.671 35.106 35.155 35.530 35.794 36.565 37.532 38.070 39.660 39.864 40.171 40.367 40.868 40.073 39.427 39.754 40.164 40.953 42.505 43.989 44.507 46.397 47.387 47.604 47.615 47.670 47.752 47.952 47.672 48.301 49.800 50.263 50.495 50.703 50.799 51.731 53.441 53.626 52.474 52.725 52.486 51.592 51.443 50.034 49.977 49.531 48.831
3.034 3.064 5.192 7.523 11.939 14.924 16.434 18.861 19.148 23.792 25.160 28.892 29.757 31.553 33.278 36.592 37.220 37.233 37.531 37.330 37.754 38.435 38.022 38.259 38.935 38.615 39.385 39.833 40.450 41.369 42.245 42.010 41.407 42.312 42.282 43.164 44.293 46.158 46.382 46.534 47.275 47.248 45.442 45.001 44.961 45.446 45.882 46.403 47.397 47.792 48.023 47.739 47.589 47.753 48.024 47.821 47.530 46.974 47.553 49.108 49.682 50.028 50.269 50.374 50.422 51.365 52.411 51.993 50.809 50.433 50.134 49.388 48.250 47.606 47.469 46.914
3.160 3.165 5.848 7.752 12.384 14.831 15.976 19.053 19.416 22.875 26.143 29.211 30.366 32.886 33.406 37.212 37.997 37.659 37.919 37.883 37.959 38.477 38.562 38.914 39.300 39.442 40.343 40.164 40.086 41.066 43.285 44.288 44.820 44.074 44.745 45.527 46.504 48.182 48.711 48.977 49.343 49.201 47.839 47.129 46.867 47.752 47.409 47.507 48.795 48.949 48.997 48.210 47.615 47.861 48.102 47.850 47.671 47.047 47.660 49.262 49.755 49.932 50.193 50.181 50.190 50.197 50.347 50.715 50.633 50.478 49.487 48.665 47.070 46.861 46.425 45.808
3.355 3.250 5.314 7.271 11.992 14.886 15.616 19.238 19.456 21.243 25.686 28.878 30.444 33.167 33.994 37.936 38.147 38.367 38.060 38.105 38.349 39.167 39.246 39.482 39.679 39.877 40.581 40.999 40.815 41.382 45.224 46.168 46.311 46.121 46.546 47.056 47.436 48.797 49.710 49.946 50.101 49.912 48.673 48.156 47.814 48.641 48.841 49.328 49.669 49.426 49.230 48.581 47.673 47.549 47.744 47.592 47.654 47.488 48.078 49.551 49.954 50.174 50.201 50.142 50.057 49.998 50.003 50.212 50.217 50.119 49.487 48.351 46.440 45.779 45.513 45.009
3.566 3.532 4.009 6.009 9.743 13.378 15.269 19.536 19.552 19.526 22.132 27.823 29.928 32.781 35.209 37.284 37.349 38.505 37.544 37.004 38.290 39.695 40.004 40.281 41.043 41.549 41.751 41.708 42.614 43.274 44.572 46.475 46.898 46.833 47.356 47.582 48.113 49.749 50.231 50.762 50.742 50.596 50.288 49.933 49.877 49.611 49.866 49.526 48.716 48.976 49.324 49.106 48.749 47.690 47.677 47.602 47.244 47.856 48.398 50.387 51.322 50.785 51.325 51.093 50.519 50.534 50.388 50.274 49.748 49.209 47.927 47.078 45.049 44.799 44.380 43.976
3.812 3.817 3.939 5.682 9.526 11.638 13.943 18.734 19.816 19.671 20.039 21.775 28.900 31.788 34.382 36.702 35.949 38.180 38.640 38.576 38.818 39.455 39.861 42.712 43.303 44.223 44.241 44.131 43.221 43.603 45.580 46.807 46.676 46.743 47.439 47.537 47.883 49.651 50.220 50.848 50.893 50.611 49.977 49.581 49.057 48.623 48.782 48.600 48.538 48.690 49.108 49.214 48.779 48.198 47.868 47.591 47.107 46.863 46.814 48.372 50.691 51.375 51.032 50.998 50.947 51.277 51.120 49.694 49.252 48.718 47.188 46.083 44.675 44.246 44.016 43.590
3.380 3.963 4.421 4.788 8.011 9.349 11.141 15.800 17.971 18.147 19.875 20.108 22.724 31.504 31.443 34.568 35.545 36.385 38.448 38.200 38.276 38.760 40.508 42.608 43.212 43.811 44.301 44.442 45.336 46.384 46.569 46.370 45.982 46.022 46.094 46.436 46.963 48.553 49.265 49.870 49.769 48.717 48.602 48.535 48.379 47.768 45.916 45.342 45.284 45.840 46.405 47.504 47.550 47.961 47.796 47.625 47.096 46.813 46.279 45.937 45.517 45.179 44.603 44.429 44.015 43.701 43.350 42.704 42.394 42.193 41.551 41.059 40.375 40.026 39.722 39.612
3.559 4.152 4.867 5.068 7.659 8.856 9.589 14.272 17.568 17.681 19.389 19.933 20.637 29.482 31.421 31.870 32.097 34.671 37.292 37.844 37.785 38.081 38.854 42.448 42.460 43.734 44.135 44.163 44.662 46.256 46.232 45.837 45.366 45.072 44.883 45.283 46.043 47.587 48.182 48.889 49.178 48.609 47.950 47.509 46.282 44.845 43.717 43.483 44.297 44.155 44.858 45.031 45.262 47.792 47.577 46.899 46.573 46.485 45.498 44.959 45.483 44.870 44.596 44.318 43.776 43.456 43.138 42.480 42.166 41.866 41.263 40.921 40.208 39.793 39.342 38.743
3.972 4.330 5.242 5.473 8.403 8.697 9.017 13.708 15.359 17.615 18.073 19.940 20.022 23.725 30.421 31.452 31.449 31.890 35.717 36.389 37.045 37.473 38.388 40.422 41.151 42.338 44.054 44.164 45.414 45.719 45.764 45.326 44.586 44.350 44.177 44.240 45.163 46.344 46.719 46.968 47.043 46.195 45.826 44.899 43.517 42.683 42.434 42.667 42.353 42.452 43.237 43.743 43.676 46.204 45.332 45.053 45.337 45.211 44.244 43.451 42.988 42.874 42.998 43.636 42.551 41.810 41.084 40.969 40.429 40.237 38.597 38.856 38.783 38.574 38.976 38.422
8.685 9.249 8.241 7.957 7.947 9.073 9.434 12.496 12.860 14.026 17.198 17.786 19.122 20.078 21.794 31.508 31.426 31.486 31.430 31.869 33.515 35.953 36.717 37.632 40.138 40.048 41.838 42.839 43.806 44.263 44.018 43.993 43.271 42.774 42.457 42.427 42.493 42.580 42.184 43.394 43.562 43.412 42.455 41.481 40.581 40.925 40.517 40.313 40.382 40.435 40.486 41.193 41.063 41.497 41.300 40.851 41.138 41.243 40.910 41.658 41.465 40.827 38.960 38.766 37.890 36.226 34.405 33.782 33.888 33.891 34.248 34.444 35.034 35.356 35.776 37.111
12.620 12.929 11.539 10.618 9.944 10.595 10.673 11.289 12.098 13.132 16.136 17.426 18.352 19.943 20.615 31.461 31.425 31.445 31.412 31.586 33.027 35.336 37.446 37.857 39.364 39.375 40.461 41.413 42.086 42.966 43.082 43.282 41.949 41.553 41.381 41.408 41.477 41.721 41.536 41.239 41.873 41.659 40.271 40.030 39.772 39.400 39.423 39.539 39.702 39.678 39.715 40.023 39.379 39.794 40.478 40.114 40.752 41.135 40.298 40.006 39.964 38.770 36.996 35.663 33.425 33.246 33.143 33.531 33.591 33.795 34.438 34.800 35.015 35.273 35.482 36.279
12.751 12.985 13.281 12.318 11.874 11.668 11.528 11.848 12.268 12.762 15.068 16.585 18.080 19.813 20.039 31.666 31.412 31.414 31.403 31.479 32.190 34.286 35.319 36.096 37.160 38.357 39.690 40.190 40.366 41.175 41.880 41.414 40.361 40.237 40.132 40.090 40.065 40.197 40.161 40.134 39.872 39.848 39.465 39.114 38.958 38.396 38.436 38.506 38.570 38.753 38.861 38.661 38.466 38.792 39.647 39.447 41.012 40.602 39.099 37.561 37.613 36.556 34.523 33.555 32.736 32.993 33.021 33.466 33.637 33.879 34.659 35.111 35.250 35.422 35.614 36.105
13.988 13.610 12.895 11.786 7.115 7.456 9.108 12.291 13.068 13.528 14.506 14.988 16.814 18.684 19.553 21.022 25.919 27.633 28.781 29.175 29.291 32.608 33.970 34.908 35.097 35.477 36.681 37.012 37.113 36.706 36.673 36.735 37.169 37.269 37.338 37.336 36.965 36.636 36.074 36.307 37.353 37.831 37.175 36.590 36.407 36.114 35.835 34.982 35.134 35.284 34.605 32.643 32.828 36.088 36.692 37.114 35.964 35.266 34.987 34.066 32.955 32.163 32.020 32.129 32.370 32.523 32.700 33.225 33.550 33.866 34.628 35.087 36.344 35.869 35.990 36.569
15.159 15.001 9.928 10.195 7.746 6.325 6.412 11.342 12.520 13.408 14.838 15.279 16.444 18.252 19.233 20.077 21.053 26.865 27.300 26.519 27.664 31.811 32.175 33.989 34.651 35.245 36.097 35.431 34.936 34.594 34.710 34.818 35.526 35.623 35.090 35.142 35.129 34.910 34.869 35.015 35.445 35.670 35.566 35.313 34.852 34.981 34.383 33.691 34.576 34.427 34.518 32.538 31.944 34.021 35.277 35.625 34.317 34.100 33.543 32.117 31.501 31.495 31.606 31.730 31.957 32.132 32.361 32.785 33.176 33.552 34.371 34.809 35.697 36.039 36.285 36.816
20.137 20.881 8.269 6.349 5.977 6.105 6.039 6.125 6.541 7.697 16.701 16.917 17.246 17.879 18.656 19.835 20.076 21.240 25.716 25.913 26.418 28.439 29.516 29.056 28.446 28.224 28.403 29.216 29.913 31.012 31.402 31.671 31.846 32.560 32.547 32.386 32.563 31.589 32.419 33.019 32.633 32.938 32.374 31.704 31.774 31.969 32.308 32.142 32.692 32.123 31.844 31.703 31.579 31.919 32.529 33.499 33.558 30.618 30.625 30.686 30.782 31.259 32.707 33.424 32.730 32.399 33.063 33.312 33.017 34.052 35.477 35.719 35.366 35.733 36.258 36.986
23.472 23.818 18.173 16.452 16.883 8.950 6.088 6.078 6.214 6.392 16.557 17.171 17.424 17.958 18.486 19.580 19.875 20.206 24.553 24.928 25.849 26.948 27.432 28.307 27.680 26.948 28.039 28.732 29.055 29.550 29.771 29.438 28.386 30.079 30.044 30.081 30.023 30.145 30.707 31.280 30.312 30.660 31.434 31.500 31.592 31.641 31.745 31.877 31.651 31.235 31.102 30.902 30.840 31.057 31.255 32.427 30.340 30.180 30.331 30.917 32.004 32.586 32.768 32.606 32.704 32.648 33.127 34.073 34.256 34.899 35.801 35.821 35.944 35.100 36.012 37.058
25.590 26.836 26.471 25.036 23.052 19.520 16.760 6.050 6.068 6.970 16.998 17.110 17.655 18.092 18.392 19.374 19.772 19.896 24.277 24.584 24.888 25.883 26.463 26.751 26.835 26.125 26.756 28.220 28.373 28.164 28.029 27.651 27.281 28.835 28.910 28.844 28.724 28.829 28.979 29.289 28.939 29.233 31.154 31.368 31.501 31.495 31.354 31.252 31.036 30.743 30.708 30.513 30.332 29.969 29.868 29.889 29.896 30.087 30.576 32.328 32.303 31.443 28.494 30.065 31.593 31.726 32.321 32.888 33.304 35.018 35.756 36.078 35.667 35.171 35.531 37.124
30.213 31.396 33.690 34.823 34.026 31.592 28.093 21.274 19.040 13.597 13.183 14.415 13.959 14.993 18.734 19.372 19.532 19.733 20.011 20.515 22.644 24.053 24.428 23.537 22.871 23.477 23.861 24.867 26.160 26.633 27.001 26.809 26.773 27.264 27.175 27.216 26.944 27.141 27.186 27.034 27.168 27.366 30.365 30.163 29.897 29.776 29.884 29.851 29.814 29.894 30.012 29.343 28.617 28.916 29.181 29.438 30.174 30.669 31.091 31.280 31.021 31.820 32.178 32.578 32.790 32.423 32.114 33.664 33.791 34.045 35.401 35.765 37.085 37.457 37.429 36.954
31.906 34.122 34.422 36.432 36.596 35.947 34.527 29.534 27.733 20.998 12.658 12.898 12.988 13.420 17.533 19.789 19.913 20.048 20.254 20.303 20.587 23.487 23.535 22.837 22.580 22.670 22.984 23.126 23.965 25.078 26.110 26.431 26.362 26.568 26.656 26.573 26.825 26.853 26.525 26.516 26.580 26.881 28.793 28.919 29.023 29.266 29.366 29.400 28.716 27.760 27.919 28.204 28.396 28.996 29.245 29.698 31.000 30.527 29.828 31.443 32.218 32.192 32.602 32.729 32.910 33.086 33.221 33.846 34.163 33.494 35.504 36.058 37.484 37.515 37.346 36.839
33.746 35.139 35.917 37.565 37.515 37.558 37.395 34.089 31.148 30.296 19.075 12.922 12.779 13.096 16.454 20.451 21.368 21.494 20.919 20.719 20.767 21.248 21.390 21.745 21.894 21.998 22.345 22.486 22.865 23.335 23.892 24.336 24.238 24.608 24.982 25.270 25.616 25.379 25.883 25.796 25.708 26.260 26.252 26.714 26.521 26.795 26.945 27.137 27.432 27.525 27.770 28.215 28.292 29.256 29.570 29.868 31.987 32.126 31.166 31.891 32.210 32.185 32.591 32.828 32.893 33.091 33.167 33.553 33.825 33.686 35.804 36.609 38.013 37.664 36.837 36.461
36.968 38.713 39.555 40.189 41.443 40.403 41.092 41.596 41.854 39.740 31.930 25.049 13.536 13.401 13.717 21.806 22.236 22.980 23.596 23.566 23.248 21.427 21.465 21.522 21.650 21.813 22.174 22.346 22.594 22.942 23.246 23.931 23.995 24.038 23.953 23.949 24.046 24.419 24.579 24.770 25.035 25.248 25.671 25.846 26.175 26.249 26.277 26.485 26.562 26.917 27.452 28.428 29.085 29.963 30.095 30.326 31.886 31.560 31.629 32.075 32.325 32.533 32.875 33.007 33.353 33.384 33.469 34.080 34.184 34.458 35.191 36.867 36.803 36.598 37.040 37.263
38.528 40.009 42.043 41.660 43.563 43.673 43.888 43.502 44.265 42.888 35.465 31.501 19.342 12.838 13.496 22.573 22.891 23.286 23.615 23.567 23.192 21.569 21.525 21.534 21.540 21.642 21.832 21.915 22.032 22.289 22.504 22.908 23.814 23.206 23.735 23.851 23.964 25.378 25.295 25.248 25.595 25.781 25.808 26.298 26.419 26.670 26.858 26.854 27.205 27.520 27.939 29.205 29.760 30.537 30.841 30.562 31.570 31.528 31.680 32.231 32.423 32.650 32.910 33.043 33.397 33.590 33.878 34.283 34.493 34.790 34.690 35.218 37.045 37.211 37.151 37.342
39.189 41.176 43.457 44.480 44.498 44.997 45.744 45.998 45.768 45.333 37.741 34.669 25.617 12.701 13.102 23.360 23.484 23.800 25.164 24.562 23.706 21.649 21.535 21.564 21.544 21.610 21.738 21.758 21.822 22.031 22.232 22.444 22.596 22.520 23.441 23.790 23.906 25.393 25.384 25.273 25.532 25.793 26.144 26.762 26.800 26.876 26.922 26.930 27.396 27.791 28.332 29.653 30.184 30.919 31.513 31.053 31.133 31.455 31.626 32.129 32.301 32.556 33.002 33.126 33.446 33.652 33.837 34.342 34.671 34.844 34.940 35.202 36.933 37.413 36.614 35.784
